O        0.8934560000     -1.3519940000     -1.0505170000                 
F        0.9276450000      0.6135680000      1.2892870000                 
F        0.0628830000      1.3091710000     -0.5792030000                 
F       -1.2351310000      0.6812730000      1.0555950000                 
C       -0.0878050000     -1.0158870000     -0.0862520000                 
C       -0.4817490000     -1.3341510000     -1.4619740000                 
C       -0.0756620000      0.4108250000      0.4110300000                 
H       -0.2417980000     -1.7349000000      0.7146240000                 
H       -0.9175280000     -2.3075310000     -1.6656240000                 
H       -0.7458810000     -0.5313230000     -2.1422750000                 
