int bins_phi = 36;
int bins_ctheta = 24;
double corr_tab[36][24] = { { 1.07787 ,1.06526 ,1.06254 ,1.05136 ,1.04908 ,1.04672 ,1.05244 ,1.05475 ,1.05753 ,1.0606 ,1.06472 ,1.06401 ,1.0618 ,1.05896 ,1.05758 ,1.05071 ,1.04807 ,1.04416 ,1.04018 ,1.04713 ,1.06191 ,1.0771 ,1.10955 ,1.13581 },
    { 1.07191 ,1.06651 ,1.05809 ,1.05014 ,1.04963 ,1.04798 ,1.04704 ,1.05048 ,1.05238 ,1.05521 ,1.05606 ,1.05751 ,1.05451 ,1.05166 ,1.0483 ,1.0409 ,1.03702 ,1.03124 ,1.03232 ,1.03411 ,1.05332 ,1.0656 ,1.10155 ,1.13537 },
    { 1.06801 ,1.06653 ,1.05594 ,1.0514 ,1.04544 ,1.0456 ,1.05034 ,1.05006 ,1.05207 ,1.05537 ,1.05607 ,1.05442 ,1.0522 ,1.04854 ,1.04418 ,1.03544 ,1.0287 ,1.02119 ,1.01932 ,1.02698 ,1.0412 ,1.06472 ,1.09602 ,1.13129 },
    { 1.06696 ,1.05906 ,1.05762 ,1.05526 ,1.05295 ,1.04982 ,1.0552 ,1.05455 ,1.05309 ,1.05554 ,1.05493 ,1.05328 ,1.0518 ,1.04622 ,1.03876 ,1.03174 ,1.01996 ,1.01432 ,1.00832 ,1.01423 ,1.0292 ,1.05847 ,1.09308 ,1.13197 },
    { 1.0654 ,1.06027 ,1.05655 ,1.04849 ,1.04434 ,1.04673 ,1.0427 ,1.04708 ,1.04896 ,1.05077 ,1.05099 ,1.0514 ,1.04713 ,1.04252 ,1.03636 ,1.03004 ,1.02315 ,1.01353 ,1.00955 ,1.01536 ,1.02901 ,1.05695 ,1.09012 ,1.1331 },
    { 1.07122 ,1.05627 ,1.05504 ,1.04856 ,1.0424 ,1.04005 ,1.04402 ,1.04355 ,1.04481 ,1.04631 ,1.04804 ,1.04861 ,1.04423 ,1.04115 ,1.03576 ,1.0292 ,1.02081 ,1.0143 ,1.0084 ,1.00954 ,1.02759 ,1.05524 ,1.09155 ,1.1294 },
    { 1.06473 ,1.06272 ,1.06151 ,1.0538 ,1.05619 ,1.05433 ,1.05316 ,1.05376 ,1.05277 ,1.051 ,1.04904 ,1.04706 ,1.0435 ,1.03681 ,1.03091 ,1.02093 ,1.01222 ,0.999369 ,0.993626 ,0.996732 ,1.01423 ,1.04467 ,1.08742 ,1.13212 },
    { 1.05654 ,1.0605 ,1.05949 ,1.05655 ,1.05659 ,1.05601 ,1.05971 ,1.05422 ,1.05658 ,1.05332 ,1.05265 ,1.05222 ,1.03995 ,1.03644 ,1.028 ,1.01931 ,1.00756 ,0.995917 ,0.987314 ,0.996786 ,1.01625 ,1.05455 ,1.08838 ,1.12964 },
    { 1.04709 ,1.04272 ,1.04581 ,1.04859 ,1.04932 ,1.04443 ,1.04857 ,1.05202 ,1.04903 ,1.0537 ,1.05018 ,1.05087 ,1.04891 ,1.04166 ,1.03493 ,1.02467 ,1.01571 ,1.00695 ,0.997052 ,1.00536 ,1.0264 ,1.0617 ,1.10352 ,1.15619 },
    { 1.04655 ,1.0457 ,1.04052 ,1.04573 ,1.04316 ,1.04706 ,1.04622 ,1.05038 ,1.04996 ,1.05489 ,1.05284 ,1.05398 ,1.0503 ,1.04867 ,1.03771 ,1.03301 ,1.0258 ,1.01434 ,1.0093 ,1.01577 ,1.03868 ,1.07339 ,1.12109 ,1.16491 },
    { 1.05678 ,1.053 ,1.04434 ,1.04635 ,1.04683 ,1.04982 ,1.05072 ,1.05319 ,1.05593 ,1.05767 ,1.05862 ,1.06228 ,1.06005 ,1.05801 ,1.05214 ,1.04635 ,1.0397 ,1.03055 ,1.02637 ,1.02946 ,1.04696 ,1.0741 ,1.1203 ,1.16553 },
    { 1.06221 ,1.06153 ,1.0536 ,1.04903 ,1.04864 ,1.04822 ,1.05326 ,1.05839 ,1.06355 ,1.06296 ,1.06809 ,1.07532 ,1.06719 ,1.06564 ,1.06905 ,1.05775 ,1.05064 ,1.04505 ,1.03865 ,1.04718 ,1.05706 ,1.07579 ,1.10814 ,1.16117 },
    { 1.07015 ,1.06741 ,1.06071 ,1.05417 ,1.0553 ,1.06221 ,1.0639 ,1.07201 ,1.07426 ,1.07882 ,1.08532 ,1.08285 ,1.08759 ,1.08369 ,1.07852 ,1.07725 ,1.07027 ,1.066 ,1.05649 ,1.05548 ,1.07461 ,1.08072 ,1.1097 ,1.14837 },
    { 1.07119 ,1.07005 ,1.0599 ,1.04981 ,1.05535 ,1.05892 ,1.06368 ,1.07337 ,1.08276 ,1.08694 ,1.0908 ,1.10301 ,1.0985 ,1.09847 ,1.09847 ,1.09168 ,1.08428 ,1.07656 ,1.07639 ,1.06913 ,1.074 ,1.09198 ,1.11302 ,1.15106 },
    { 1.06856 ,1.06669 ,1.06065 ,1.0635 ,1.06076 ,1.06531 ,1.07367 ,1.08081 ,1.09255 ,1.09847 ,1.10494 ,1.11493 ,1.11433 ,1.11468 ,1.11273 ,1.1074 ,1.1007 ,1.09386 ,1.08797 ,1.08634 ,1.09056 ,1.10439 ,1.12139 ,1.14691 },
    { 1.07349 ,1.06834 ,1.06282 ,1.06525 ,1.06321 ,1.07396 ,1.084 ,1.09309 ,1.107 ,1.1164 ,1.12203 ,1.12613 ,1.12986 ,1.13289 ,1.12723 ,1.12139 ,1.12248 ,1.10597 ,1.10286 ,1.10129 ,1.09978 ,1.10869 ,1.12479 ,1.16117 },
    { 1.07094 ,1.06204 ,1.0679 ,1.06796 ,1.08013 ,1.08481 ,1.10022 ,1.1118 ,1.11833 ,1.12858 ,1.13944 ,1.14351 ,1.14889 ,1.14375 ,1.14547 ,1.1388 ,1.13309 ,1.12285 ,1.11108 ,1.10409 ,1.11044 ,1.11267 ,1.13287 ,1.1604 },
    { 1.06778 ,1.07229 ,1.07173 ,1.07367 ,1.08305 ,1.09514 ,1.10657 ,1.11849 ,1.13248 ,1.14118 ,1.15138 ,1.1577 ,1.1609 ,1.16128 ,1.1593 ,1.15319 ,1.14453 ,1.13719 ,1.12291 ,1.11686 ,1.11738 ,1.13175 ,1.13885 ,1.16041 },
    { 1.07036 ,1.07429 ,1.07389 ,1.08116 ,1.09297 ,1.10356 ,1.1165 ,1.13247 ,1.14276 ,1.15308 ,1.16174 ,1.16983 ,1.17116 ,1.17331 ,1.16938 ,1.16162 ,1.15508 ,1.14703 ,1.13693 ,1.12847 ,1.12952 ,1.13895 ,1.14068 ,1.16432 },
    { 1.0776 ,1.06781 ,1.07456 ,1.08322 ,1.08998 ,1.10639 ,1.12191 ,1.13662 ,1.15109 ,1.16395 ,1.17057 ,1.17673 ,1.18074 ,1.18153 ,1.17773 ,1.17268 ,1.16416 ,1.15257 ,1.14778 ,1.13494 ,1.13755 ,1.14182 ,1.14975 ,1.16108 },
    { 1.07383 ,1.07728 ,1.08097 ,1.08315 ,1.09908 ,1.11509 ,1.13096 ,1.14597 ,1.15364 ,1.16891 ,1.17629 ,1.18398 ,1.18554 ,1.18681 ,1.18398 ,1.17838 ,1.16891 ,1.1596 ,1.15279 ,1.14339 ,1.14769 ,1.14661 ,1.15969 ,1.17096 },
    { 1.0666 ,1.07009 ,1.07413 ,1.08641 ,1.09864 ,1.11457 ,1.12833 ,1.14525 ,1.15737 ,1.16877 ,1.17834 ,1.18384 ,1.18839 ,1.18953 ,1.18756 ,1.18018 ,1.17193 ,1.16796 ,1.1565 ,1.14863 ,1.15017 ,1.15282 ,1.1643 ,1.1769 },
    { 1.06983 ,1.06846 ,1.07428 ,1.08116 ,1.09265 ,1.10744 ,1.12648 ,1.1469 ,1.15847 ,1.16766 ,1.17864 ,1.18521 ,1.18662 ,1.18958 ,1.18905 ,1.18225 ,1.17638 ,1.16699 ,1.16024 ,1.15212 ,1.15461 ,1.15463 ,1.16003 ,1.1783 },
    { 1.06928 ,1.06864 ,1.06894 ,1.08014 ,1.09496 ,1.11168 ,1.12732 ,1.13955 ,1.15126 ,1.16104 ,1.17301 ,1.18221 ,1.18358 ,1.18701 ,1.18681 ,1.17922 ,1.17657 ,1.16795 ,1.16245 ,1.1543 ,1.15485 ,1.15741 ,1.16093 ,1.17688 },
    { 1.07339 ,1.06649 ,1.06954 ,1.0826 ,1.09346 ,1.10583 ,1.12176 ,1.13407 ,1.14625 ,1.1585 ,1.16795 ,1.17573 ,1.17893 ,1.18145 ,1.18081 ,1.17678 ,1.17303 ,1.16599 ,1.16063 ,1.15215 ,1.15743 ,1.15654 ,1.1808 ,1.19552 },
    { 1.06805 ,1.06756 ,1.06723 ,1.07436 ,1.08264 ,1.10228 ,1.1127 ,1.12486 ,1.13935 ,1.1494 ,1.15612 ,1.16219 ,1.16954 ,1.17482 ,1.17017 ,1.16836 ,1.16614 ,1.15777 ,1.15469 ,1.15802 ,1.16768 ,1.16839 ,1.19179 ,1.19735 },
    { 1.06384 ,1.06641 ,1.07012 ,1.07192 ,1.08093 ,1.09246 ,1.10088 ,1.12182 ,1.12638 ,1.13778 ,1.1426 ,1.15185 ,1.15437 ,1.15769 ,1.15492 ,1.15954 ,1.15262 ,1.15687 ,1.1519 ,1.15468 ,1.16013 ,1.17439 ,1.19112 ,1.20303 },
    { 1.05848 ,1.07193 ,1.06876 ,1.07719 ,1.08731 ,1.09131 ,1.09996 ,1.1093 ,1.12171 ,1.12727 ,1.13471 ,1.13931 ,1.1421 ,1.14961 ,1.14237 ,1.15266 ,1.14254 ,1.1402 ,1.13667 ,1.13653 ,1.14009 ,1.1527 ,1.17233 ,1.18323 },
    { 1.07128 ,1.07436 ,1.07383 ,1.07719 ,1.07453 ,1.08684 ,1.09517 ,1.10668 ,1.10892 ,1.12018 ,1.12737 ,1.13011 ,1.13471 ,1.13548 ,1.13839 ,1.13449 ,1.13197 ,1.13007 ,1.12606 ,1.13513 ,1.13998 ,1.14701 ,1.1548 ,1.16778 },
    { 1.07802 ,1.08 ,1.07186 ,1.08123 ,1.07436 ,1.08198 ,1.09254 ,1.09572 ,1.10171 ,1.10764 ,1.1132 ,1.12026 ,1.1237 ,1.12004 ,1.11869 ,1.1232 ,1.11757 ,1.12289 ,1.11489 ,1.11832 ,1.1318 ,1.13812 ,1.14826 ,1.15835 },
    { 1.07549 ,1.07594 ,1.06889 ,1.07227 ,1.07131 ,1.07459 ,1.08235 ,1.09246 ,1.0918 ,1.09992 ,1.10461 ,1.10676 ,1.10858 ,1.10691 ,1.11064 ,1.10787 ,1.10659 ,1.11257 ,1.11032 ,1.10881 ,1.12387 ,1.1369 ,1.14615 ,1.15564 },
    { 1.07535 ,1.07434 ,1.06713 ,1.06599 ,1.07038 ,1.0693 ,1.07422 ,1.08367 ,1.08406 ,1.09363 ,1.09573 ,1.10166 ,1.09942 ,1.10541 ,1.09961 ,1.10353 ,1.09907 ,1.09841 ,1.09861 ,1.1034 ,1.10753 ,1.1309 ,1.14426 ,1.15546 },
    { 1.0772 ,1.07545 ,1.06432 ,1.06987 ,1.06242 ,1.0621 ,1.07507 ,1.07869 ,1.08288 ,1.0886 ,1.09093 ,1.09274 ,1.09035 ,1.09271 ,1.09204 ,1.08773 ,1.08616 ,1.08458 ,1.08526 ,1.08958 ,1.10583 ,1.11769 ,1.13357 ,1.15106 },
    { 1.06795 ,1.06919 ,1.05894 ,1.06114 ,1.05998 ,1.05744 ,1.06417 ,1.06956 ,1.07634 ,1.07712 ,1.08132 ,1.07966 ,1.08138 ,1.08332 ,1.07682 ,1.07505 ,1.07511 ,1.07176 ,1.07532 ,1.07972 ,1.09143 ,1.11116 ,1.12063 ,1.14287 },
    { 1.0724 ,1.06472 ,1.05739 ,1.06002 ,1.05498 ,1.05324 ,1.06075 ,1.06368 ,1.06846 ,1.07535 ,1.07201 ,1.07628 ,1.0769 ,1.07327 ,1.0741 ,1.07011 ,1.06546 ,1.06304 ,1.06152 ,1.06661 ,1.0801 ,1.10098 ,1.11858 ,1.14323 },
    { 1.07307 ,1.07286 ,1.0594 ,1.05041 ,1.05097 ,1.05108 ,1.05467 ,1.05685 ,1.06416 ,1.06537 ,1.06952 ,1.07305 ,1.07092 ,1.06826 ,1.06436 ,1.05987 ,1.05488 ,1.05317 ,1.04882 ,1.05595 ,1.06848 ,1.10164 ,1.11431 ,1.14471 }
     };
